=== Run information ===

Evaluator:    weka.attributeSelection.PrincipalComponents -R 0.95 -A 5
Search:       weka.attributeSelection.Ranker -T -1.7976931348623157E308 -N -1
Relation:     vote
Instances:    435
Attributes:   17
              handicapped-infants
              water-project-cost-sharing
              adoption-of-the-budget-resolution
              physician-fee-freeze
              el-salvador-aid
              religious-groups-in-schools
              anti-satellite-test-ban
              aid-to-nicaraguan-contras
              mx-missile
              immigration
              synfuels-corporation-cutback
              education-spending
              superfund-right-to-sue
              crime
              duty-free-exports
              export-administration-act-south-africa
              Class
Evaluation mode:    evaluate on all training data



=== Attribute Selection on all input data ===

Search Method:
	Attribute ranking.

Attribute Evaluator (unsupervised):
	Principal Components Attribute Transformer

Correlation matrix
  1      0.01   0.38  -0.4   -0.34  -0.39   0.34   0.36   0.33  -0.09   0.11  -0.39  -0.34  -0.37   0.22   0.21 
  0.01   1     -0.04   0.05   0.13   0.15  -0.18  -0.07  -0.17  -0.13   0.12  -0.03   0.23  -0.01  -0.1   -0.03 
  0.38  -0.04   1     -0.73  -0.62  -0.4    0.56   0.67   0.61   0.03   0.21  -0.63  -0.48  -0.57   0.46   0.44 
 -0.4    0.05  -0.73   1      0.72   0.44  -0.57  -0.67  -0.66   0.04  -0.29   0.68   0.56   0.63  -0.51  -0.4  
 -0.34   0.13  -0.62   0.72   1      0.62  -0.66  -0.78  -0.76   0.02  -0.15   0.59   0.62   0.68  -0.54  -0.36 
 -0.39   0.15  -0.4    0.44   0.62   1     -0.5   -0.51  -0.55   0.09   0.01   0.47   0.54   0.57  -0.43  -0.24 
  0.34  -0.18   0.56  -0.57  -0.66  -0.5    1      0.71   0.65   0.04   0.04  -0.52  -0.54  -0.49   0.45   0.44 
  0.36  -0.07   0.67  -0.67  -0.78  -0.51   0.71   1      0.73   0.03   0.12  -0.59  -0.55  -0.58   0.49   0.45 
  0.33  -0.17   0.61  -0.66  -0.76  -0.55   0.65   0.73   1      0.04   0.06  -0.57  -0.51  -0.54   0.46   0.38 
 -0.09  -0.13   0.03   0.04   0.02   0.09   0.04   0.03   0.04   1     -0.04   0.04   0.05   0.11  -0.04   0.06 
  0.11   0.12   0.21  -0.29  -0.15   0.01   0.04   0.12   0.06  -0.04   1     -0.18  -0.1   -0.13   0.18   0.07 
 -0.39  -0.03  -0.63   0.68   0.59   0.47  -0.52  -0.59  -0.57   0.04  -0.18   1      0.52   0.57  -0.46  -0.33 
 -0.34   0.23  -0.48   0.56   0.62   0.54  -0.54  -0.55  -0.51   0.05  -0.1    0.52   1      0.54  -0.46  -0.33 
 -0.37  -0.01  -0.57   0.63   0.68   0.57  -0.49  -0.58  -0.54   0.11  -0.13   0.57   0.54   1     -0.52  -0.3  
  0.22  -0.1    0.46  -0.51  -0.54  -0.43   0.45   0.49   0.46  -0.04   0.18  -0.46  -0.46  -0.52   1      0.27 
  0.21  -0.03   0.44  -0.4   -0.36  -0.24   0.44   0.45   0.38   0.06   0.07  -0.33  -0.33  -0.3    0.27   1    


eigenvalue	proportion	cumulative
  7.27336	  0.45458	  0.45458	-0.325el-salvador-aid+0.315aid-to-nicaraguan-contras-0.312physician-fee-freeze+0.303mx-missile+0.294adoption-of-the-budget-resolution...
  1.35652	  0.08478	  0.53937	-0.62water-project-cost-sharing-0.506synfuels-corporation-cutback+0.39 immigration+0.195anti-satellite-test-ban+0.167education-spending...
  1.11955	  0.06997	  0.60934	0.664immigration+0.37 religious-groups-in-schools+0.359synfuels-corporation-cutback+0.334export-administration-act-south-africa+0.208adoption-of-the-budget-resolution...
  0.91348	  0.05709	  0.66643	0.601synfuels-corporation-cutback-0.524water-project-cost-sharing-0.373export-administration-act-south-africa+0.307duty-free-exports-0.202handicapped-infants...
  0.79183	  0.04949	  0.71592	0.832handicapped-infants-0.318duty-free-exports-0.239water-project-cost-sharing+0.216immigration+0.188synfuels-corporation-cutback...
  0.76132	  0.04758	  0.7635 	0.659export-administration-act-south-africa-0.54immigration-0.323water-project-cost-sharing+0.206crime+0.193religious-groups-in-schools...
  0.61187	  0.03824	  0.80175	-0.512duty-free-exports-0.431export-administration-act-south-africa+0.328mx-missile+0.268religious-groups-in-schools-0.242immigration...
  0.54787	  0.03424	  0.83599	0.405religious-groups-in-schools-0.399synfuels-corporation-cutback-0.399education-spending+0.355adoption-of-the-budget-resolution+0.307duty-free-exports...
  0.50734	  0.03171	  0.8677 	-0.584duty-free-exports-0.556superfund-right-to-sue-0.32handicapped-infants-0.252education-spending-0.214anti-satellite-test-ban...
  0.44157	  0.0276 	  0.89529	0.524superfund-right-to-sue-0.458anti-satellite-test-ban-0.442crime-0.276religious-groups-in-schools-0.233water-project-cost-sharing...
  0.39815	  0.02488	  0.92018	0.619education-spending+0.49 religious-groups-in-schools-0.431crime-0.276superfund-right-to-sue-0.159el-salvador-aid...
  0.33086	  0.02068	  0.94086	-0.632anti-satellite-test-ban+0.457mx-missile+0.422crime-0.274superfund-right-to-sue-0.188el-salvador-aid...
  0.30531	  0.01908	  0.95994	-0.727adoption-of-the-budget-resolution-0.365education-spending+0.342religious-groups-in-schools-0.302crime+0.179mx-missile...

Eigenvectors
 V1	 V2	 V3	 V4	 V5	 V6	 V7	 V8	 V9	 V10	 V11	 V12	 V13	
 0.1861	-0.1671	-0.2071	-0.2015	 0.8322	-0.0379	-0.0998	 0.0677	-0.3201	-0.0289	 0.1492	 0.0962	 0.0768	handicapped-infants
-0.0481	-0.6202	 0.0933	-0.5241	-0.2388	-0.3225	-0.1493	-0.2106	 0.0316	-0.2326	 0.0572	 0.1151	-0.1174	water-project-cost-sharing
 0.2936	-0.1006	 0.2085	-0.0646	 0.0281	 0.0495	 0.2267	 0.3552	 0.0404	 0.21  	 0.0447	-0.1157	-0.7268	adoption-of-the-budget-resolution
-0.3123	 0.1534	-0.1222	-0.0812	-0.001 	-0.0102	-0.207 	-0.2375	-0.1033	-0.1058	-0.0979	-0.1424	-0.0925	physician-fee-freeze
-0.325 	-0.0598	 0.0342	-0.057 	 0.1466	 0.1051	-0.1388	 0.2493	 0.0074	-0.0814	-0.1594	-0.1877	-0.1535	el-salvador-aid
-0.2551	-0.134 	 0.37  	 0.0095	-0.061 	 0.1925	 0.2679	 0.4055	-0.1198	-0.2757	 0.4901	 0.0362	 0.3423	religious-groups-in-schools
 0.2877	 0.1946	 0.0461	-0.1238	-0.0236	 0.1286	 0.124 	-0.2339	-0.2143	-0.4584	 0.0023	-0.6325	 0.0086	anti-satellite-test-ban
 0.3154	 0.0518	 0.1059	-0.1255	-0.0972	 0.0023	 0.2183	-0.1912	-0.1548	-0.1151	 0.1438	 0.0287	-0.0531	aid-to-nicaraguan-contras
 0.3029	 0.1485	 0.0367	-0.0632	-0.0945	-0.0707	 0.3278	-0.1769	-0.18  	 0.1139	-0.0999	 0.4572	 0.1786	mx-missile
-0.0101	 0.3897	 0.664 	-0.0236	 0.216 	-0.5399	-0.2416	-0.0292	 0.0796	 0.0101	 0.0277	-0.0068	 0.0148	immigration
 0.0718	-0.5062	 0.359 	 0.6011	 0.1877	 0.1379	-0.0058	-0.3995	 0.0117	 0.0239	-0.1089	-0.0824	 0.0128	synfuels-corporation-cutback
-0.2842	 0.1674	-0.0283	 0.0616	-0.0329	 0.1405	-0.0888	-0.399 	-0.2522	 0.1924	 0.619 	 0.1215	-0.3653	education-spending
-0.2701	-0.1141	 0.1595	-0.1905	-0.074 	-0.081 	 0.2392	-0.0075	-0.5556	 0.5242	-0.276 	-0.2744	 0.1486	superfund-right-to-sue
-0.2849	 0.1266	 0.1683	-0.0129	 0.122 	 0.2055	 0.2016	-0.0495	-0.2054	-0.4422	-0.431 	 0.4218	-0.3017	crime
 0.2415	-0.0385	-0.0343	 0.3067	-0.3182	-0.0963	-0.5119	 0.3067	-0.5838	-0.1418	-0.0322	 0.1148	-0.0564	duty-free-exports
 0.1902	 0.0536	 0.3344	-0.3733	-0.0308	 0.6588	-0.4311	-0.0564	 0.0764	 0.2066	-0.0884	 0.0973	 0.1337	export-administration-act-south-africa

Ranked attributes:
 0.5454   1 -0.325el-salvador-aid+0.315aid-to-nicaraguan-contras-0.312physician-fee-freeze+0.303mx-missile+0.294adoption-of-the-budget-resolution...
 0.4606   2 -0.62water-project-cost-sharing-0.506synfuels-corporation-cutback+0.39 immigration+0.195anti-satellite-test-ban+0.167education-spending...
 0.3907   3 0.664immigration+0.37 religious-groups-in-schools+0.359synfuels-corporation-cutback+0.334export-administration-act-south-africa+0.208adoption-of-the-budget-resolution...
 0.3336   4 0.601synfuels-corporation-cutback-0.524water-project-cost-sharing-0.373export-administration-act-south-africa+0.307duty-free-exports-0.202handicapped-infants...
 0.2841   5 0.832handicapped-infants-0.318duty-free-exports-0.239water-project-cost-sharing+0.216immigration+0.188synfuels-corporation-cutback...
 0.2365   6 0.659export-administration-act-south-africa-0.54immigration-0.323water-project-cost-sharing+0.206crime+0.193religious-groups-in-schools...
 0.1983   7 -0.512duty-free-exports-0.431export-administration-act-south-africa+0.328mx-missile+0.268religious-groups-in-schools-0.242immigration...
 0.164    8 0.405religious-groups-in-schools-0.399synfuels-corporation-cutback-0.399education-spending+0.355adoption-of-the-budget-resolution+0.307duty-free-exports...
 0.1323   9 -0.584duty-free-exports-0.556superfund-right-to-sue-0.32handicapped-infants-0.252education-spending-0.214anti-satellite-test-ban...
 0.1047  10 0.524superfund-right-to-sue-0.458anti-satellite-test-ban-0.442crime-0.276religious-groups-in-schools-0.233water-project-cost-sharing...
 0.0798  11 0.619education-spending+0.49 religious-groups-in-schools-0.431crime-0.276superfund-right-to-sue-0.159el-salvador-aid...
 0.0591  12 -0.632anti-satellite-test-ban+0.457mx-missile+0.422crime-0.274superfund-right-to-sue-0.188el-salvador-aid...
 0.0401  13 -0.727adoption-of-the-budget-resolution-0.365education-spending+0.342religious-groups-in-schools-0.302crime+0.179mx-missile...

Selected attributes: 1,2,3,4,5,6,7,8,9,10,11,12,13 : 13

